cost 0.10791576938289903 0.8980705025849458 0.17642220785172996 0.170840916957915
eternity_2L 0.9445086233417254 0.8589892470716973 0.09543122986997485 0.2534698571859264
eternity_3R 0.8487634749524412 0.8573143361211296 0.09731474098582965 0.25681967908706194
eternity_1L 0.7523904895245389 0.8578726397713188 0.09417555579273837 0.2534698571859263
eternity_M 0.6550757485387091 0.8416818339158302 0.10547662248786702 0.28808468349766075
eternity 0.6437179350343208 0.5632343303491287 0.07773829917014442 0.2576442506319568
monster 0.2887328365049568 0.4972084817490537 0.22539349686395396 0.4187277376419487
W2P 0.5109871481758195 0.274445325323537 0.05336614828255169 0.1317596614446665
Flife 0.6501008224392233 0.4103437160011283 0.07438958998874713 0.022162227505339086
Mlife 0.2845722787381713 0.3223663886314489 0.0796761598356632 0.024848558112046806
