monster 0.3056844365476497 0.49497526714829665 0.2304161931729 0.4120280938396775
cost 0.10822968790220816 0.9042118427370278 0.16323763004074657 0.16525788045602235
eternity 0.6688881633883109 0.567554741672901 0.07408477055695416 0.26240271558895445
isolde 0.7643193932582858 0.5636466161215762 0.08789718540655579 0.25012003528479065
dikke 0.8726212824199349 0.5781625110264971 0.11363850398990438 0.2947843272999318
ezra 0.9492174011313623 0.5781625110264971 0.08475800021346462 0.25235324988554775
W2P 0.5100453926178921 0.27612023627410476 0.2611802080651945 0.14404234174883032
dikke_1R 0.36815422189016617 0.8601058543720759 0.09291988171550193 0.24900342798441213
eternity_1L 0.26926988830779086 0.8601058543720758 0.09229204467688369 0.2579362863874403
eternity_1R 0.6550757485387091 0.860664158022265 0.09543122986997485 0.2568196790870618
dikke_1L 0.9432529492644888 0.8634556762732114 0.09417555579273837 0.2691023593912256
isolde_1L 0.8490773934717504 0.8606641580222651 0.09794257802444796 0.2545864644863049
isolde_1R 0.5590166816301161 0.8701553200754826 0.09040853356102889 0.23337092577911267
ezra_1L 0.46107410360566814 0.8634556762732114 0.09543122986997492 0.25123664258516926
ezra_1R 0.7527044080438481 0.8617807653226436 0.09229204467688369 0.25905289368781875
Mlife 0.3100610976429451 0.3237095539348028 0.07854332343989545 0.022162227505339086
Flife 0.6737015806843841 0.407993176720259 0.07325675359297941 0.02014747955030827
Flife 0.7749016320396341 0.40765738539442054 0.07401197785682463 0.015446400988569734
Flife 0.8674166043606648 0.3771003747431197 0.07476720212066974 0.016117983640246532
Flife 0.9591763524178504 0.4234395777088287 0.07552242638451485 0.021490644853662182
