monster 0.2790600626173015 0.4336934981954083 0.3520634476798129 0.6208699714429953
Mlife 0.20093119151732108 0.26192394998052415 0.07929854770374062 0.023505392808692894
Mlife 0.2649364478781974 0.17528978791419866 0.07741048704412776 0.016789566291923567
Mlife 0.3682133659590216 0.2730050637331937 0.07854332343989545 0.021490644853662182
Mlife 0.2649364478781974 0.6413681481779963 0.07514481425259233 0.019475896898631263
Mlife 0.6465135071859588 0.48925467757316893 0.0777880991760504 0.02283381015701599
Mlife 0.7360075824516089 0.47951672912385335 0.07703287491220517 0.018132731595277455
Mlife 0.8215367303320721 0.45399658836012946 0.07514481425259235 0.018132731595277455
Mlife 0.8959263203208191 0.4989926260224846 0.07665526278028256 0.015446400988569734
eternity 0.6402829070092364 0.6188701293468188 0.07061346866952137 0.2135632832332675
isolde 0.7299657883408478 0.6064458502907953 0.07023585653759876 0.2021463781547595
dikke 0.8213479242661107 0.6272649124927805 0.0906269116614178 0.21826436179500602
ezra 0.8932830353973612 0.6349881129870654 0.06457167455876028 0.20550429141314422
dikke_1L 0.2700342116591522 0.865005171186418 0.08987168739757272 0.2505003290754995
dikke_1L 0.559096298645883 0.8623188405797102 0.08873885100180497 0.2572161555922688
dikke_1R 0.6553873922861393 0.8613114666021948 0.0902492995294953 0.2605740688506535
dikke_2R 0.7526225162562022 0.8603040926246793 0.09515825724448879 0.2612456515023304
eternity_2L 0.4633716232035103 0.8646693798605795 0.09666870577217905 0.2578877382439458
eternity_2R 0.8489136098964587 0.864333588534741 0.09666870577217912 0.2558729902889151
ezra_1R 0.9459599278005603 0.8653409625122563 0.08987168739757269 0.25117191172717634
ezra_1L 0.36651411136536993 0.8599683012988408 0.08949407526565008 0.25520140763723803
W2P 0.5120835882215223 0.2709903157781629 0.259041922498886 0.14103235685215781
cost 0.10539532214090977 0.9032853823320036 0.16463888951824243 0.17125357617762024
