Mlife 0.24756628980975903 0.1705887093524601 0.07438958998874716 0.020819062201985202
Mlife 0.35386410494596376 0.2709903157781629 0.07476720212066969 0.021490644853662182
Mlife 0.2432237502926494 0.6376744435937731 0.06797018374606341 0.024176975460369905
Mlife 0.18129536065734722 0.26024499335133183 0.08080899623143091 0.024176975460369905
monster 0.26517868962320434 0.4701462504273419 0.32927777903648486 0.5728600018804314
W2P 0.512461200353445 0.27367664638487066 0.264328492345802 0.14371868745886554
cost 0.10803860706436778 0.904964338961196 0.16841501083746813 0.1665524976158818
eternity 0.6253672277982947 0.616183798740111 0.05739704405223124 0.20416112610979031
isolde 0.711085181744719 0.5973794844931566 0.06570451095452788 0.18401364655948205
dikke 0.790572535514421 0.6272649124927805 0.08345228115488887 0.21826436179500602
ezra 0.8691158589543165 0.6269291211669421 0.06532689882260538 0.19610213428966694
Flife 0.6298985733813655 0.488583094921492 0.07703287491220517 0.021490644853662182
Mlife 0.7194571190110024 0.4770187692609086 0.07668289293627698 0.017330108426200152
Mlife 0.802706779021933 0.4536607970342911 0.08134317924732146 0.01883707437630451
Mlife 0.873034736079513 0.49660932661226526 0.07964852967966882 0.020344040326408866
eternity_1L 0.36633451535140676 0.8624253110000981 0.09235840143706284 0.2516633136674278
dikke_M 0.4654715150590797 0.8401975632360589 0.10167897405915173 0.2961188091955063
eternity_M 0.5599482284557081 0.8417045291861631 0.10167897405915167 0.29762577514561056
ezra_1L 0.6542131106563801 0.8635555354626762 0.09278206382897594 0.25392376259258415
ezra_1R 0.27058681477903884 0.8624253110000979 0.09066375186941031 0.25618421151774073
dikke_1L 0.7522909543842702 0.8639322769502024 0.09235840143706284 0.253170279617532
dikke_1R 0.8484623173485512 0.8654392429003067 0.0957477005723679 0.25317027961753213
dikke_2R 0.9459046674885716 0.8624253110000981 0.09744235014002042 0.2576911774678452
